An inequality (0, 1, 0, 1, 1, 0, -1, -2, 1, 1, 0) x + 0 >= 0
An inequality (1, 0, 0, 0, -1, 0, 0, 0, 0, 0, 0) x + 0 >= 0
An inequality (0, 1, 0, 0, 1, 0, -1, -1, 1, 1, -1) x + 0 >= 0
An inequality (0, 0, 0, 0, 0, 0, 0, 0, 0, 1, 0) x + 0 >= 0
An inequality (0, 0, 1, 1, 0, 0, -1, -1, 1, 0, 0) x + 0 >= 0
An inequality (0, 0, 0, 1, 0, 0, 0, -1, 1, 0, 0) x + 0 >= 0
An inequality (1, 0, 0, 0, 0, 0, -1, 0, 0, 1, 0) x + 0 >= 0
An inequality (1, 1, 0, 0, 0, 0, -1, -1, 0, 1, 0) x + 0 >= 0
An inequality (0, 1, 0, 0, 0, 0, 0, -1, 0, 1, 0) x + 0 >= 0
An inequality (-1, 0, -1, 0, 1, 0, 0, 0, 0, 0, 0) x + 1 >= 0
An inequality (0, 0, 0, 1, 1, 0, -1, -1, 1, 1, 0) x + 0 >= 0
An inequality (-1, 0, -1, 0, 0, 0, 1, 0, 0, 0, 0) x + 1 >= 0
An inequality (-1, -1, -1, -1, 0, 0, 1, 1, -1, -1, 0) x + 2 >= 0
An inequality (-1, 0, 0, 0, 0, 0, 0, 0, 0, 0, 0) x + 1 >= 0
An inequality (0, -1, 0, 0, 0, 0, 0, 0, 0, 0, 0) x + 1 >= 0
An inequality (0, 0, 0, 0, 0, 0, 0, 0, 0, 0, 1) x + 0 >= 0
An inequality (0, 0, 0, 0, 1, 0, -1, 0, 1, 1, 0) x + 0 >= 0
An inequality (0, 0, 1, 0, -1, 0, 0, 0, 0, 0, 1) x + 0 >= 0
An inequality (1, 0, 1, 0, -1, 0, -1, 0, 0, 0, 1) x + 0 >= 0
An inequality (0, 0, 0, 0, 0, 0, 0, 0, 1, 0, 0) x + 0 >= 0
An inequality (0, -1, 0, -1, 0, 0, 0, 1, 0, 0, 0) x + 1 >= 0
An inequality (0, 0, 1, 0, 0, 0, -1, 0, 1, 0, 0) x + 0 >= 0
An inequality (0, -1, 0, -1, -1, 0, 1, 1, -1, -1, 1) x + 1 >= 0
An inequality (0, 0, 0, 0, -1, 0, 1, 0, 0, 0, 1) x + 0 >= 0
An inequality (-1, 0, 0, -1, -1, 0, 2, 1, -2, -1, 1) x + 1 >= 0
An inequality (0, -1, 0, 0, -1, 0, 1, 1, -1, -2, 0) x + 1 >= 0
An inequality (0, 0, 0, 0, -1, 0, 1, 1, -1, -1, 0) x + 0 >= 0
An inequality (0, -1, 0, -1, -1, 0, 1, 2, -1, -2, 0) x + 1 >= 0
An inequality (0, 0, 0, 0, 1, 0, 0, 0, 0, 0, -1) x + 0 >= 0
An inequality (0, 0, 0, 0, 0, 0, 1, 1, -1, -2, -1) x + 0 >= 0
An inequality (0, 0, 0, 0, 0, 0, 0, 1, -1, -1, 0) x + 0 >= 0
An inequality (-1, 0, 0, -1, 1, 0, 0, 1, 0, -1, -1) x + 1 >= 0
An inequality (0, 0, 0, 0, 0, 0, 1, 0, -1, -1, 0) x + 0 >= 0
An inequality (-1, 0, -1, 0, 1, 0, 1, 0, 0, -1, -1) x + 1 >= 0
An inequality (-2, 0, -1, -1, 0, 0, 2, 1, -2, -1, 0) x + 2 >= 0
An inequality (-2, 0, -1, -1, 1, 0, 1, 1, -1, -1, -1) x + 2 >= 0
An inequality (-2, 0, -1, -1, 2, 0, 1, 1, -1, -2, -2) x + 2 >= 0
An inequality (0, 0, 0, 0, 0, 0, 0, -1, 0, 0, 0) x + 1 >= 0
An inequality (0, 0, 0, 0, 0, 0, -1, 0, 0, 0, 0) x + 1 >= 0
