Constra0a3a4=((0,1,0,1,0,1,0,1,0,1,0,0), 
(0,1,0,1,0,1,1,1,0,1,1,0), 
(0,1,1,1,0,1,0,1,0,1,0,0), 
(0,1,1,1,0,1,1,1,0,1,1,0), 
(0,1,1,1,0,1,0,1,1,1,0,1), 
(0,1,1,1,0,1,1,1,1,1,1,1), 
(1,0,1,0,1,0,1,0,1,0,0,0), 
(1,0,1,0,1,0,1,1,1,0,1,0), 
(1,0,1,1,1,0,1,0,1,0,0,0), 
(1,0,1,1,1,0,1,1,1,0,1,0), 
(1,0,1,1,1,0,1,0,1,1,0,1), 
(1,0,1,1,1,0,1,1,1,1,1,1), 
(1,1,0,1,0,1,1,1,0,1,0,0), 
(1,1,0,1,1,1,1,1,0,1,1,0), 
(1,1,0,1,0,1,1,1,1,1,0,1), 
(1,1,0,1,1,1,1,1,1,1,1,1), 
(1,1,1,0,1,0,1,1,1,0,0,0), 
(1,1,1,0,1,1,1,1,1,0,1,0), 
(1,1,1,0,1,0,1,1,1,1,0,1), 
(1,1,1,0,1,1,1,1,1,1,1,1), 
(1,1,1,1,1,1,1,1,1,1,0,0))

a0a4=
((0,1,0,1,0,1,0,1,0,0,0), 
(0,1,1,1,0,1,0,1,0,0,0), 
(0,1,1,1,0,1,1,1,0,1,0), 
(1,0,1,0,1,0,1,0,0,0,0), 
(1,0,1,1,1,0,1,0,0,0,0), 
(1,0,1,1,1,0,1,1,0,1,0), 
(1,1,0,1,0,1,0,1,0,0,0), 
(1,1,0,1,1,1,0,1,0,0,1), 
(1,1,0,1,0,1,1,1,1,0,0), 
(1,1,0,1,1,1,1,1,1,0,1), 
(1,1,1,0,1,0,1,0,0,0,0), 
(1,1,1,0,1,1,1,0,0,0,1), 
(1,1,1,0,1,0,1,1,1,0,0), 
(1,1,1,0,1,1,1,1,1,0,1), 
(1,1,1,1,1,1,1,1,0,0,0)) 

a3=((1,1,1,1,0),(0,1,0,1,0),(0,1,1,1,1),(1,0,1,0,0),(1,0,1,1,1))